34
1930.000000 
132.000000 
7.000000 
0.000000 
38.000000 
893.000000 
133.000000 
0.000000 
0.000000 
0.000000 
0.000000 
0.000000 
0.000000 
0.000000 
0.000000 
0.000000 
3384.000000 
151.000000 
0.000000 
0.000000 
2014.000000 
3518.000000 
272.000000 
0.000000 
83.000000 
32.000000 
290.000000 
267.000000 
0.000000 
0.000000 
0.000000 
0.000000 
2262.000000 
16.000000 
0.000000 
0.000000 
2765.000000 
2266.000000 
230.000000 
0.000000 
1016.000000 
310.000000 
3287.000000 
145.000000 
134.000000 
0.000000 
65.000000 
219.000000 
3486.000000 
4.000000 
0.000000 
0.000000 
5015.000000 
1192.000000 
2.000000 
0.000000 
104.000000 
334.000000 
381.000000 
10.000000 
1743.000000 
44.000000 
118.000000 
0.000000 
33
2533.000000 
293.000000 
12.000000 
0.000000 
8.000000 
190.000000 
90.000000 
153.000000 
0.000000 
0.000000 
2.000000 
127.000000 
0.000000 
0.000000 
0.000000 
0.000000 
2533.000000 
154.000000 
0.000000 
0.000000 
468.000000 
2118.000000 
2034.000000 
32.000000 
1.000000 
16.000000 
5061.000000 
325.000000 
0.000000 
0.000000 
0.000000 
0.000000 
5863.000000 
14.000000 
0.000000 
0.000000 
923.000000 
1130.000000 
104.000000 
0.000000 
14.000000 
324.000000 
1835.000000 
395.000000 
0.000000 
0.000000 
47.000000 
200.000000 
735.000000 
3.000000 
0.000000 
0.000000 
2248.000000 
1275.000000 
9.000000 
0.000000 
720.000000 
2202.000000 
856.000000 
16.000000 
26.000000 
45.000000 
436.000000 
0.000000 
32
10719.000000 
76.000000 
0.000000 
0.000000 
1777.000000 
4493.000000 
0.000000 
0.000000 
0.000000 
0.000000 
0.000000 
0.000000 
0.000000 
0.000000 
0.000000 
0.000000 
1933.000000 
44.000000 
0.000000 
0.000000 
3382.000000 
12020.000000 
61.000000 
0.000000 
12.000000 
495.000000 
583.000000 
0.000000 
0.000000 
0.000000 
0.000000 
0.000000 
166.000000 
4.000000 
0.000000 
0.000000 
258.000000 
265.000000 
1.000000 
0.000000 
144.000000 
747.000000 
1734.000000 
3.000000 
1.000000 
39.000000 
74.000000 
18.000000 
38.000000 
0.000000 
0.000000 
0.000000 
3.000000 
8.000000 
0.000000 
0.000000 
110.000000 
110.000000 
29.000000 
1.000000 
28.000000 
327.000000 
278.000000 
0.000000 
31
7129.000000 
72.000000 
0.000000 
0.000000 
841.000000 
1064.000000 
32.000000 
0.000000 
0.000000 
1.000000 
11.000000 
0.000000 
0.000000 
0.000000 
0.000000 
4.000000 
2178.000000 
18.000000 
0.000000 
0.000000 
2300.000000 
17106.000000 
35.000000 
0.000000 
6.000000 
335.000000 
162.000000 
0.000000 
0.000000 
0.000000 
0.000000 
5.000000 
2108.000000 
21.000000 
0.000000 
0.000000 
554.000000 
920.000000 
3.000000 
0.000000 
25.000000 
467.000000 
1174.000000 
1.000000 
0.000000 
5.000000 
136.000000 
73.000000 
1106.000000 
1.000000 
0.000000 
0.000000 
193.000000 
220.000000 
0.000000 
0.000000 
59.000000 
145.000000 
295.000000 
3.000000 
73.000000 
108.000000 
261.000000 
0.000000 
30
5089.000000 
775.000000 
0.000000 
0.000000 
1439.000000 
4956.000000 
124.000000 
0.000000 
4.000000 
0.000000 
0.000000 
0.000000 
0.000000 
0.000000 
0.000000 
0.000000 
451.000000 
5.000000 
0.000000 
0.000000 
3518.000000 
11142.000000 
839.000000 
0.000000 
216.000000 
2562.000000 
2558.000000 
19.000000 
2.000000 
511.000000 
0.000000 
0.000000 
61.000000 
0.000000 
0.000000 
0.000000 
541.000000 
789.000000 
0.000000 
0.000000 
11.000000 
2068.000000 
770.000000 
64.000000 
0.000000 
452.000000 
56.000000 
150.000000 
0.000000 
0.000000 
0.000000 
0.000000 
82.000000 
77.000000 
0.000000 
0.000000 
14.000000 
463.000000 
51.000000 
0.000000 
0.000000 
29.000000 
55.000000 
0.000000 
29
73.000000 
0.000000 
0.000000 
0.000000 
1.000000 
0.000000 
0.000000 
0.000000 
0.000000 
0.000000 
0.000000 
0.000000 
0.000000 
0.000000 
0.000000 
0.000000 
119.000000 
0.000000 
0.000000 
0.000000 
144.000000 
71.000000 
0.000000 
0.000000 
0.000000 
1.000000 
0.000000 
0.000000 
0.000000 
0.000000 
0.000000 
0.000000 
1079.000000 
0.000000 
0.000000 
0.000000 
2015.000000 
7381.000000 
0.000000 
0.000000 
0.000000 
2843.000000 
0.000000 
0.000000 
0.000000 
0.000000 
0.000000 
0.000000 
198.000000 
0.000000 
0.000000 
0.000000 
6887.000000 
3905.000000 
0.000000 
0.000000 
0.000000 
14775.000000 
201.000000 
0.000000 
0.000000 
0.000000 
75.000000 
0.000000 
28
3579.000000 
19.000000 
0.000000 
0.000000 
459.000000 
38.000000 
0.000000 
0.000000 
156.000000 
163.000000 
0.000000 
0.000000 
0.000000 
21.000000 
0.000000 
0.000000 
5899.000000 
3.000000 
0.000000 
0.000000 
9643.000000 
1900.000000 
6495.000000 
0.000000 
58.000000 
96.000000 
2662.000000 
0.000000 
0.000000 
40.000000 
0.000000 
0.000000 
23.000000 
0.000000 
0.000000 
0.000000 
699.000000 
569.000000 
51.000000 
0.000000 
31.000000 
661.000000 
259.000000 
0.000000 
0.000000 
0.000000 
8.000000 
0.000000 
0.000000 
0.000000 
0.000000 
0.000000 
10.000000 
7.000000 
0.000000 
0.000000 
44.000000 
741.000000 
324.000000 
0.000000 
34.000000 
142.000000 
4186.000000 
0.000000 
27
1529.000000 
0.000000 
0.000000 
0.000000 
368.000000 
0.000000 
0.000000 
0.000000 
0.000000 
0.000000 
0.000000 
0.000000 
0.000000 
0.000000 
0.000000 
0.000000 
3638.000000 
0.000000 
0.000000 
0.000000 
9185.000000 
63.000000 
0.000000 
0.000000 
77.000000 
37.000000 
0.000000 
0.000000 
0.000000 
0.000000 
0.000000 
0.000000 
5074.000000 
0.000000 
0.000000 
0.000000 
5057.000000 
307.000000 
0.000000 
0.000000 
393.000000 
1293.000000 
3.000000 
0.000000 
0.000000 
1.000000 
1.000000 
0.000000 
9054.000000 
1.000000 
0.000000 
0.000000 
2798.000000 
456.000000 
0.000000 
0.000000 
9.000000 
493.000000 
19.000000 
0.000000 
0.000000 
59.000000 
84.000000 
0.000000 
26
5289.000000 
1.000000 
0.000000 
0.000000 
9590.000000 
19.000000 
0.000000 
0.000000 
45.000000 
7.000000 
0.000000 
0.000000 
0.000000 
0.000000 
0.000000 
0.000000 
16.000000 
19.000000 
0.000000 
0.000000 
4725.000000 
334.000000 
0.000000 
0.000000 
9150.000000 
2172.000000 
0.000000 
0.000000 
1.000000 
193.000000 
0.000000 
0.000000 
0.000000 
19.000000 
43.000000 
0.000000 
1.000000 
129.000000 
211.000000 
8.000000 
307.000000 
965.000000 
270.000000 
23.000000 
21.000000 
1172.000000 
579.000000 
1.000000 
0.000000 
0.000000 
57.000000 
0.000000 
0.000000 
0.000000 
346.000000 
347.000000 
0.000000 
5.000000 
143.000000 
1375.000000 
0.000000 
119.000000 
608.000000 
0.000000 
25
7520.000000 
2.000000 
0.000000 
0.000000 
11593.000000 
465.000000 
0.000000 
0.000000 
35.000000 
12.000000 
0.000000 
0.000000 
0.000000 
0.000000 
0.000000 
0.000000 
65.000000 
56.000000 
0.000000 
0.000000 
3625.000000 
637.000000 
5.000000 
0.000000 
3332.000000 
1606.000000 
6.000000 
0.000000 
0.000000 
0.000000 
0.000000 
0.000000 
0.000000 
61.000000 
186.000000 
0.000000 
4.000000 
257.000000 
581.000000 
20.000000 
5.000000 
742.000000 
946.000000 
130.000000 
0.000000 
12.000000 
150.000000 
1.000000 
0.000000 
0.000000 
147.000000 
1.000000 
0.000000 
0.000000 
838.000000 
725.000000 
0.000000 
16.000000 
574.000000 
3911.000000 
0.000000 
0.000000 
165.000000 
0.000000 
24
11832.000000 
102.000000 
0.000000 
0.000000 
409.000000 
75.000000 
0.000000 
0.000000 
0.000000 
0.000000 
0.000000 
0.000000 
0.000000 
0.000000 
0.000000 
0.000000 
1217.000000 
142.000000 
0.000000 
0.000000 
1097.000000 
10216.000000 
25.000000 
0.000000 
0.000000 
3325.000000 
162.000000 
0.000000 
0.000000 
0.000000 
0.000000 
0.000000 
1775.000000 
179.000000 
0.000000 
0.000000 
88.000000 
1276.000000 
12.000000 
0.000000 
0.000000 
1057.000000 
3032.000000 
45.000000 
0.000000 
0.000000 
519.000000 
271.000000 
1382.000000 
143.000000 
0.000000 
0.000000 
10.000000 
456.000000 
6.000000 
0.000000 
0.000000 
25.000000 
209.000000 
5.000000 
0.000000 
0.000000 
55.000000 
0.000000 
23
7964.000000 
83.000000 
0.000000 
0.000000 
6764.000000 
754.000000 
0.000000 
0.000000 
0.000000 
0.000000 
0.000000 
0.000000 
0.000000 
0.000000 
0.000000 
0.000000 
0.000000 
0.000000 
0.000000 
0.000000 
7992.000000 
3614.000000 
37.000000 
0.000000 
1463.000000 
4071.000000 
59.000000 
0.000000 
0.000000 
0.000000 
0.000000 
0.000000 
0.000000 
0.000000 
0.000000 
0.000000 
0.000000 
0.000000 
0.000000 
0.000000 
149.000000 
2548.000000 
348.000000 
7.000000 
11.000000 
1295.000000 
497.000000 
23.000000 
0.000000 
0.000000 
0.000000 
0.000000 
0.000000 
0.000000 
0.000000 
0.000000 
0.000000 
0.000000 
0.000000 
0.000000 
0.000000 
720.000000 
1441.000000 
0.000000 
22
15688.000000 
629.000000 
0.000000 
0.000000 
252.000000 
931.000000 
12.000000 
0.000000 
0.000000 
55.000000 
67.000000 
0.000000 
0.000000 
0.000000 
4.000000 
0.000000 
1225.000000 
29.000000 
0.000000 
0.000000 
1602.000000 
7811.000000 
421.000000 
0.000000 
0.000000 
176.000000 
1192.000000 
22.000000 
0.000000 
0.000000 
2.000000 
0.000000 
36.000000 
0.000000 
0.000000 
0.000000 
99.000000 
1577.000000 
124.000000 
0.000000 
12.000000 
891.000000 
3531.000000 
336.000000 
0.000000 
0.000000 
180.000000 
513.000000 
0.000000 
0.000000 
0.000000 
0.000000 
0.000000 
4.000000 
10.000000 
0.000000 
2.000000 
97.000000 
729.000000 
110.000000 
0.000000 
71.000000 
311.000000 
0.000000 
21
6452.000000 
956.000000 
0.000000 
0.000000 
1.000000 
1114.000000 
2272.000000 
0.000000 
0.000000 
0.000000 
0.000000 
0.000000 
0.000000 
0.000000 
0.000000 
0.000000 
0.000000 
0.000000 
0.000000 
0.000000 
1.000000 
1891.000000 
2192.000000 
0.000000 
0.000000 
5.000000 
2599.000000 
169.000000 
0.000000 
0.000000 
0.000000 
0.000000 
0.000000 
0.000000 
0.000000 
0.000000 
0.000000 
4.000000 
1.000000 
0.000000 
0.000000 
1.000000 
6152.000000 
5024.000000 
0.000000 
0.000000 
1.000000 
3852.000000 
0.000000 
0.000000 
0.000000 
0.000000 
0.000000 
0.000000 
0.000000 
0.000000 
0.000000 
0.000000 
0.000000 
0.000000 
0.000000 
0.000000 
0.000000 
0.000000 
20
2016.000000 
16974.000000 
32.000000 
0.000000 
11.000000 
59.000000 
0.000000 
0.000000 
0.000000 
0.000000 
0.000000 
0.000000 
0.000000 
0.000000 
0.000000 
0.000000 
281.000000 
21.000000 
0.000000 
0.000000 
215.000000 
8334.000000 
163.000000 
0.000000 
0.000000 
58.000000 
127.000000 
0.000000 
0.000000 
0.000000 
0.000000 
0.000000 
0.000000 
0.000000 
0.000000 
0.000000 
0.000000 
2980.000000 
40.000000 
0.000000 
0.000000 
1197.000000 
4361.000000 
31.000000 
0.000000 
0.000000 
64.000000 
88.000000 
0.000000 
0.000000 
0.000000 
0.000000 
0.000000 
0.000000 
0.000000 
0.000000 
0.000000 
0.000000 
135.000000 
2.000000 
0.000000 
0.000000 
232.000000 
0.000000 
19
4383.000000 
6601.000000 
248.000000 
0.000000 
0.000000 
661.000000 
2674.000000 
265.000000 
0.000000 
0.000000 
0.000000 
0.000000 
0.000000 
0.000000 
0.000000 
0.000000 
43.000000 
22.000000 
1.000000 
0.000000 
27.000000 
951.000000 
6965.000000 
5245.000000 
0.000000 
0.000000 
163.000000 
3679.000000 
0.000000 
0.000000 
0.000000 
0.000000 
0.000000 
0.000000 
0.000000 
0.000000 
0.000000 
1.000000 
2.000000 
1.000000 
0.000000 
1.000000 
190.000000 
4586.000000 
0.000000 
0.000000 
0.000000 
443.000000 
0.000000 
0.000000 
0.000000 
0.000000 
0.000000 
0.000000 
0.000000 
0.000000 
0.000000 
0.000000 
0.000000 
0.000000 
0.000000 
0.000000 
0.000000 
0.000000 
18
4415.000000 
0.000000 
0.000000 
0.000000 
296.000000 
1.000000 
0.000000 
0.000000 
0.000000 
0.000000 
0.000000 
0.000000 
0.000000 
0.000000 
0.000000 
0.000000 
114.000000 
0.000000 
0.000000 
0.000000 
3986.000000 
12778.000000 
0.000000 
0.000000 
0.000000 
451.000000 
2.000000 
0.000000 
0.000000 
0.000000 
0.000000 
0.000000 
0.000000 
0.000000 
0.000000 
0.000000 
0.000000 
1.000000 
0.000000 
0.000000 
0.000000 
755.000000 
11909.000000 
0.000000 
0.000000 
0.000000 
1215.000000 
96.000000 
0.000000 
0.000000 
0.000000 
0.000000 
0.000000 
0.000000 
0.000000 
0.000000 
0.000000 
0.000000 
0.000000 
0.000000 
0.000000 
0.000000 
373.000000 
0.000000 
17
472.000000 
0.000000 
0.000000 
0.000000 
13.000000 
0.000000 
0.000000 
0.000000 
0.000000 
0.000000 
0.000000 
0.000000 
0.000000 
0.000000 
0.000000 
0.000000 
139.000000 
0.000000 
0.000000 
0.000000 
1195.000000 
2679.000000 
0.000000 
0.000000 
0.000000 
5.000000 
0.000000 
0.000000 
0.000000 
0.000000 
0.000000 
0.000000 
0.000000 
0.000000 
0.000000 
0.000000 
0.000000 
191.000000 
0.000000 
0.000000 
0.000000 
964.000000 
8013.000000 
0.000000 
0.000000 
0.000000 
5.000000 
0.000000 
0.000000 
0.000000 
0.000000 
0.000000 
0.000000 
0.000000 
0.000000 
0.000000 
0.000000 
0.000000 
1995.000000 
0.000000 
0.000000 
0.000000 
6150.000000 
0.000000 
16
699.000000 
78.000000 
0.000000 
0.000000 
19.000000 
63.000000 
31.000000 
0.000000 
0.000000 
0.000000 
0.000000 
0.000000 
0.000000 
0.000000 
0.000000 
0.000000 
255.000000 
296.000000 
0.000000 
0.000000 
50.000000 
401.000000 
99.000000 
0.000000 
1.000000 
37.000000 
231.000000 
3808.000000 
0.000000 
0.000000 
0.000000 
21.000000 
2861.000000 
3740.000000 
0.000000 
0.000000 
325.000000 
802.000000 
28.000000 
0.000000 
1986.000000 
3207.000000 
680.000000 
119.000000 
0.000000 
309.000000 
3.000000 
56.000000 
2202.000000 
6088.000000 
0.000000 
0.000000 
2234.000000 
1588.000000 
11.000000 
0.000000 
2740.000000 
4092.000000 
188.000000 
0.000000 
0.000000 
381.000000 
60.000000 
0.000000 
15
3537.000000 
0.000000 
0.000000 
0.000000 
0.000000 
0.000000 
0.000000 
0.000000 
0.000000 
0.000000 
0.000000 
0.000000 
0.000000 
0.000000 
0.000000 
0.000000 
1610.000000 
0.000000 
0.000000 
0.000000 
5.000000 
0.000000 
0.000000 
0.000000 
0.000000 
0.000000 
0.000000 
0.000000 
0.000000 
0.000000 
0.000000 
0.000000 
9939.000000 
0.000000 
0.000000 
0.000000 
505.000000 
5.000000 
0.000000 
0.000000 
2.000000 
2.000000 
0.000000 
0.000000 
0.000000 
0.000000 
0.000000 
0.000000 
7686.000000 
0.000000 
0.000000 
0.000000 
11035.000000 
3.000000 
0.000000 
0.000000 
5181.000000 
130.000000 
0.000000 
0.000000 
0.000000 
47.000000 
90.000000 
0.000000 
14
11429.000000 
176.000000 
0.000000 
0.000000 
161.000000 
330.000000 
1.000000 
0.000000 
0.000000 
0.000000 
0.000000 
0.000000 
0.000000 
0.000000 
0.000000 
0.000000 
4336.000000 
15.000000 
0.000000 
0.000000 
2257.000000 
1496.000000 
39.000000 
0.000000 
0.000000 
173.000000 
247.000000 
35.000000 
0.000000 
0.000000 
0.000000 
0.000000 
133.000000 
0.000000 
0.000000 
0.000000 
9231.000000 
1988.000000 
0.000000 
0.000000 
0.000000 
1397.000000 
1129.000000 
9.000000 
0.000000 
0.000000 
74.000000 
114.000000 
0.000000 
0.000000 
0.000000 
0.000000 
51.000000 
89.000000 
0.000000 
0.000000 
1.000000 
1437.000000 
820.000000 
0.000000 
0.000000 
9.000000 
1672.000000 
0.000000 
13
13812.000000 
1623.000000 
0.000000 
0.000000 
106.000000 
2323.000000 
0.000000 
0.000000 
0.000000 
0.000000 
0.000000 
0.000000 
0.000000 
0.000000 
0.000000 
0.000000 
2707.000000 
0.000000 
0.000000 
0.000000 
2137.000000 
1286.000000 
41.000000 
0.000000 
0.000000 
61.000000 
209.000000 
0.000000 
0.000000 
0.000000 
0.000000 
0.000000 
2.000000 
0.000000 
0.000000 
0.000000 
4813.000000 
2383.000000 
0.000000 
0.000000 
0.000000 
1918.000000 
1030.000000 
16.000000 
0.000000 
0.000000 
200.000000 
189.000000 
0.000000 
0.000000 
0.000000 
0.000000 
0.000000 
11.000000 
0.000000 
0.000000 
0.000000 
998.000000 
798.000000 
0.000000 
0.000000 
0.000000 
1078.000000 
0.000000 
12
200.000000 
649.000000 
0.000000 
0.000000 
80.000000 
5425.000000 
779.000000 
0.000000 
0.000000 
0.000000 
0.000000 
0.000000 
0.000000 
0.000000 
0.000000 
0.000000 
0.000000 
0.000000 
0.000000 
0.000000 
0.000000 
1231.000000 
3440.000000 
0.000000 
0.000000 
88.000000 
5851.000000 
135.000000 
0.000000 
0.000000 
0.000000 
0.000000 
0.000000 
0.000000 
0.000000 
0.000000 
0.000000 
0.000000 
0.000000 
0.000000 
0.000000 
0.000000 
5545.000000 
5513.000000 
0.000000 
0.000000 
37.000000 
7951.000000 
0.000000 
0.000000 
0.000000 
0.000000 
0.000000 
0.000000 
0.000000 
0.000000 
0.000000 
0.000000 
0.000000 
0.000000 
0.000000 
0.000000 
0.000000 
0.000000 
11
13190.000000 
0.000000 
0.000000 
0.000000 
31.000000 
0.000000 
0.000000 
0.000000 
0.000000 
0.000000 
0.000000 
0.000000 
0.000000 
0.000000 
0.000000 
0.000000 
1846.000000 
2.000000 
0.000000 
0.000000 
4914.000000 
6698.000000 
0.000000 
0.000000 
0.000000 
21.000000 
1.000000 
0.000000 
0.000000 
0.000000 
0.000000 
0.000000 
0.000000 
0.000000 
0.000000 
0.000000 
3.000000 
1860.000000 
1.000000 
0.000000 
0.000000 
4810.000000 
3802.000000 
0.000000 
0.000000 
0.000000 
6.000000 
0.000000 
0.000000 
0.000000 
0.000000 
0.000000 
0.000000 
0.000000 
0.000000 
0.000000 
0.000000 
3.000000 
932.000000 
0.000000 
0.000000 
0.000000 
1399.000000 
0.000000 
10
8130.000000 
1.000000 
0.000000 
0.000000 
33.000000 
25.000000 
0.000000 
0.000000 
0.000000 
0.000000 
0.000000 
0.000000 
0.000000 
0.000000 
0.000000 
0.000000 
2190.000000 
0.000000 
0.000000 
0.000000 
5176.000000 
2627.000000 
0.000000 
0.000000 
0.000000 
35.000000 
3.000000 
0.000000 
0.000000 
0.000000 
0.000000 
0.000000 
0.000000 
0.000000 
0.000000 
0.000000 
1924.000000 
3305.000000 
0.000000 
0.000000 
43.000000 
7661.000000 
2011.000000 
0.000000 
0.000000 
0.000000 
113.000000 
0.000000 
0.000000 
0.000000 
0.000000 
0.000000 
0.000000 
0.000000 
0.000000 
0.000000 
8.000000 
1147.000000 
1607.000000 
0.000000 
0.000000 
3.000000 
2978.000000 
0.000000 
9
8203.000000 
0.000000 
0.000000 
0.000000 
59.000000 
15.000000 
0.000000 
0.000000 
0.000000 
0.000000 
0.000000 
0.000000 
0.000000 
0.000000 
0.000000 
0.000000 
2160.000000 
0.000000 
0.000000 
0.000000 
4930.000000 
3038.000000 
0.000000 
0.000000 
0.000000 
105.000000 
10.000000 
0.000000 
0.000000 
0.000000 
0.000000 
0.000000 
0.000000 
0.000000 
0.000000 
0.000000 
1630.000000 
2689.000000 
0.000000 
0.000000 
75.000000 
8096.000000 
2373.000000 
0.000000 
0.000000 
0.000000 
93.000000 
4.000000 
0.000000 
0.000000 
0.000000 
0.000000 
0.000000 
0.000000 
0.000000 
0.000000 
36.000000 
822.000000 
1258.000000 
0.000000 
0.000000 
7.000000 
3309.000000 
0.000000 
8
774.000000 
0.000000 
0.000000 
0.000000 
11.000000 
0.000000 
0.000000 
0.000000 
0.000000 
0.000000 
0.000000 
0.000000 
0.000000 
0.000000 
0.000000 
0.000000 
502.000000 
0.000000 
0.000000 
0.000000 
4907.000000 
6115.000000 
0.000000 
0.000000 
0.000000 
7.000000 
0.000000 
0.000000 
0.000000 
0.000000 
0.000000 
0.000000 
0.000000 
0.000000 
0.000000 
0.000000 
1.000000 
3111.000000 
0.000000 
0.000000 
0.000000 
15337.000000 
1876.000000 
0.000000 
0.000000 
0.000000 
0.000000 
0.000000 
0.000000 
0.000000 
0.000000 
0.000000 
0.000000 
0.000000 
0.000000 
0.000000 
0.000000 
599.000000 
4984.000000 
0.000000 
0.000000 
0.000000 
1776.000000 
0.000000 
7
1770.000000 
0.000000 
0.000000 
0.000000 
24.000000 
0.000000 
0.000000 
0.000000 
0.000000 
0.000000 
0.000000 
0.000000 
0.000000 
0.000000 
0.000000 
0.000000 
913.000000 
0.000000 
0.000000 
0.000000 
6335.000000 
4977.000000 
0.000000 
0.000000 
0.000000 
2.000000 
0.000000 
0.000000 
0.000000 
0.000000 
0.000000 
0.000000 
0.000000 
0.000000 
0.000000 
0.000000 
116.000000 
4056.000000 
0.000000 
0.000000 
1.000000 
18103.000000 
341.000000 
0.000000 
0.000000 
0.000000 
0.000000 
0.000000 
0.000000 
0.000000 
0.000000 
0.000000 
0.000000 
0.000000 
0.000000 
0.000000 
0.000000 
1795.000000 
1269.000000 
0.000000 
0.000000 
0.000000 
298.000000 
0.000000 
6
784.000000 
6803.000000 
0.000000 
0.000000 
20.000000 
15127.000000 
94.000000 
0.000000 
0.000000 
0.000000 
0.000000 
0.000000 
0.000000 
0.000000 
0.000000 
0.000000 
0.000000 
0.000000 
0.000000 
0.000000 
1.000000 
4775.000000 
906.000000 
0.000000 
0.000000 
100.000000 
2006.000000 
0.000000 
0.000000 
0.000000 
0.000000 
0.000000 
0.000000 
0.000000 
0.000000 
0.000000 
0.000000 
0.000000 
0.000000 
0.000000 
0.000000 
3.000000 
4111.000000 
28.000000 
0.000000 
0.000000 
502.000000 
443.000000 
0.000000 
0.000000 
0.000000 
0.000000 
0.000000 
0.000000 
0.000000 
0.000000 
0.000000 
0.000000 
0.000000 
0.000000 
0.000000 
0.000000 
110.000000 
0.000000 
5
8283.000000 
370.000000 
0.000000 
0.000000 
41.000000 
698.000000 
1579.000000 
0.000000 
0.000000 
0.000000 
0.000000 
0.000000 
0.000000 
0.000000 
0.000000 
0.000000 
4.000000 
0.000000 
0.000000 
0.000000 
57.000000 
9328.000000 
1995.000000 
0.000000 
0.000000 
145.000000 
2925.000000 
0.000000 
0.000000 
0.000000 
0.000000 
0.000000 
0.000000 
0.000000 
0.000000 
0.000000 
0.000000 
49.000000 
0.000000 
0.000000 
0.000000 
483.000000 
10855.000000 
418.000000 
0.000000 
0.000000 
160.000000 
196.000000 
0.000000 
0.000000 
0.000000 
0.000000 
0.000000 
0.000000 
0.000000 
0.000000 
0.000000 
0.000000 
51.000000 
0.000000 
0.000000 
0.000000 
263.000000 
0.000000 
4
4104.000000 
1104.000000 
0.000000 
0.000000 
44.000000 
1442.000000 
0.000000 
0.000000 
0.000000 
0.000000 
0.000000 
0.000000 
0.000000 
0.000000 
0.000000 
0.000000 
0.000000 
1.000000 
0.000000 
0.000000 
20.000000 
5416.000000 
323.000000 
0.000000 
0.000000 
159.000000 
1490.000000 
0.000000 
0.000000 
0.000000 
0.000000 
0.000000 
0.000000 
0.000000 
0.000000 
0.000000 
0.000000 
59.000000 
0.000000 
0.000000 
0.000000 
508.000000 
10754.000000 
238.000000 
0.000000 
0.000000 
339.000000 
1345.000000 
0.000000 
0.000000 
0.000000 
0.000000 
0.000000 
0.000000 
0.000000 
0.000000 
0.000000 
0.000000 
215.000000 
1.000000 
0.000000 
0.000000 
947.000000 
0.000000 
3
13112.000000 
13.000000 
0.000000 
0.000000 
610.000000 
48.000000 
0.000000 
0.000000 
0.000000 
0.000000 
0.000000 
0.000000 
0.000000 
0.000000 
0.000000 
0.000000 
35.000000 
0.000000 
0.000000 
0.000000 
1860.000000 
8914.000000 
0.000000 
0.000000 
0.000000 
267.000000 
3.000000 
0.000000 
0.000000 
0.000000 
0.000000 
0.000000 
0.000000 
0.000000 
0.000000 
0.000000 
0.000000 
162.000000 
0.000000 
0.000000 
0.000000 
3784.000000 
6290.000000 
0.000000 
0.000000 
0.000000 
127.000000 
0.000000 
0.000000 
0.000000 
0.000000 
0.000000 
0.000000 
0.000000 
0.000000 
0.000000 
0.000000 
0.000000 
200.000000 
0.000000 
0.000000 
0.000000 
2884.000000 
0.000000 
2
645.000000 
0.000000 
0.000000 
0.000000 
0.000000 
0.000000 
0.000000 
0.000000 
0.000000 
0.000000 
0.000000 
0.000000 
0.000000 
0.000000 
0.000000 
0.000000 
2241.000000 
6.000000 
0.000000 
0.000000 
3524.000000 
4653.000000 
0.000000 
0.000000 
0.000000 
0.000000 
0.000000 
0.000000 
0.000000 
0.000000 
0.000000 
0.000000 
0.000000 
0.000000 
0.000000 
0.000000 
494.000000 
9942.000000 
1.000000 
0.000000 
0.000000 
10192.000000 
959.000000 
0.000000 
0.000000 
0.000000 
0.000000 
0.000000 
0.000000 
0.000000 
0.000000 
0.000000 
0.000000 
0.000000 
0.000000 
0.000000 
0.000000 
2965.000000 
2776.000000 
0.000000 
0.000000 
7.000000 
1548.000000 
0.000000 
1
8418.000000 
0.000000 
0.000000 
0.000000 
43.000000 
0.000000 
0.000000 
0.000000 
0.000000 
0.000000 
0.000000 
0.000000 
0.000000 
0.000000 
0.000000 
0.000000 
591.000000 
0.000000 
0.000000 
0.000000 
8096.000000 
5260.000000 
0.000000 
0.000000 
0.000000 
59.000000 
0.000000 
0.000000 
0.000000 
0.000000 
0.000000 
0.000000 
0.000000 
0.000000 
0.000000 
0.000000 
785.000000 
2422.000000 
0.000000 
0.000000 
354.000000 
9472.000000 
1814.000000 
0.000000 
0.000000 
0.000000 
75.000000 
0.000000 
0.000000 
0.000000 
0.000000 
0.000000 
0.000000 
0.000000 
0.000000 
0.000000 
6.000000 
227.000000 
530.000000 
0.000000 
0.000000 
12.000000 
1006.000000 
0.000000 
0
1969.000000 
0.000000 
0.000000 
0.000000 
64.000000 
0.000000 
0.000000 
0.000000 
0.000000 
0.000000 
0.000000 
0.000000 
0.000000 
0.000000 
0.000000 
0.000000 
176.000000 
0.000000 
0.000000 
0.000000 
2391.000000 
5523.000000 
0.000000 
0.000000 
0.000000 
288.000000 
0.000000 
0.000000 
0.000000 
0.000000 
0.000000 
0.000000 
0.000000 
0.000000 
0.000000 
0.000000 
5.000000 
1221.000000 
0.000000 
0.000000 
0.000000 
13382.000000 
8066.000000 
0.000000 
0.000000 
0.000000 
247.000000 
1.000000 
0.000000 
0.000000 
0.000000 
0.000000 
0.000000 
0.000000 
0.000000 
0.000000 
0.000000 
159.000000 
2184.000000 
0.000000 
0.000000 
1.000000 
3828.000000 
0.000000 
